20 
20
424 724 982 1020 982 724 400 400 400 400 400 400 400 400 400 400 400 400 400 424
400 620 620 0 620 620 0 0 0 0 0 0 0 0 0 0 0 0 0 400
400 620 620 0 620 620 0 0 0 0 0 0 0 0 0 0 0 0 0 400
400 620 620 0 620 620 0 0 0 0 0 0 0 0 0 0 0 0 0 400
724 657 490 0 490 657 620 620 620 620 620 620 620 620 620 620 620 620 620 724
982 490 219 0 219 490 620 620 620 620 620 620 620 620 620 620 620 620 620 982
982 620 620 620 620 620 620 620 620 620 620 620 620 620 620 620 620 620 620 982
724 620 620 620 620 620 620 620 620 620 620 620 620 620 620 620 620 620 620 724
400 0 0 0 0 0 0 0 0 0 0 0 0 0 0 0 0 0 0 400
400 0 0 0 0 0 0 219 310 219 0 0 0 0 0 0 0 0 0 400
400 0 0 0 0 0 0 310 219 438 219 0 0 0 0 0 0 0 0 400
400 0 0 0 0 0 0 219 438 0 438 219 0 0 0 0 0 0 0 400
400 0 0 0 0 0 0 0 219 438 0 438 219 0 0 0 0 0 0 400
400 0 0 0 0 0 0 0 0 219 438 0 438 219 0 0 0 0 0 400
400 0 0 0 0 0 0 0 0 0 219 438 0 438 219 0 0 0 0 400
400 0 0 0 0 0 0 0 0 0 0 219 438 0 438 219 0 0 0 400
400 0 0 0 0 0 0 0 0 0 0 0 219 438 0 438 219 0 0 400
400 0 0 0 0 0 0 0 0 0 0 0 0 219 438 0 438 219 0 400
400 0 0 0 0 0 0 0 0 0 0 0 0 0 219 438 0 438 219 400
424 400 400 400 400 400 400 400 400 400 400 400 400 400 400 576 774 576 506 424