20 
20
100 100 255 255 255 100 100 100 100 100 100 100 100 100 100 100 100 100 100 100
100 100 255 255 255 100 100 100 100 100 100 100 100 100 100 100 100 100 100 100
100 100 255 255 255 100 100 100 100 100 100 100 100 100 100 100 100 100 100 100
100 100 255 255 255 100 100 100 100 100 100 100 100 100 100 100 100 100 100 100
100 100 255 255 255 100 100 100 100 100 100 100 100 100 100 100 100 100 100 100
255 255 255 255 255 255 255 255 255 255 255 255 255 255 255 255 255 255 255 255
255 255 255 255 255 255 255 255 255 255 255 255 255 255 255 255 255 255 255 255
100 100 100 100 100 100 100 100 100 100 100 100 100 100 100 100 100 100 100 100
100 100 100 100 100 100 100 100 100 100 100 100 100 100 100 100 100 100 100 100
100 100 100 100 100 100 100 100 100 100 100 100 100 100 100 100 100 100 100 100
100 100 100 100 100 100 100 100 255 100 100 100 100 100 100 100 100 100 100 100
100 100 100 100 100 100 100 100 100 255 100 100 100 100 100 100 100 100 100 100
100 100 100 100 100 100 100 100 100 100 255 100 100 100 100 100 100 100 100 100
100 100 100 100 100 100 100 100 100 100 100 255 100 100 100 100 100 100 100 100
100 100 100 100 100 100 100 100 100 100 100 100 255 100 100 100 100 100 100 100
100 100 100 100 100 100 100 100 100 100 100 100 100 255 100 100 100 100 100 100
100 100 100 100 100 100 100 100 100 100 100 100 100 100 255 100 100 100 100 100
100 100 100 100 100 100 100 100 100 100 100 100 100 100 100 255 100 100 100 100
100 100 100 100 100 100 100 100 100 100 100 100 100 100 100 100 255 100 100 100
100 100 100 100 100 100 100 100 100 100 100 100 100 100 100 100 100 255 100 100